9
1592148428
Ai
Phuong
1
1
5
1591975291
1592154000
1592154000
1
1591974372
1592154000
1592672400
1
1591427616
1591549200
1592672400
1
1592750414
1592672400
-1
0
1591427616
1592672400
-1
0
1592197966
Duc
Khuong
1
1
1
1593002594
1593277200
-1
0
1592233422
Thanh
Huy
1
1
0
1592312287
Thanh
Hai
0
1
0
1592312323
Bao
Minh
1
1
1
1592315780
1591635600
1592672400
1
1592312337
Phuong
Hue
0
1
0
1592316142
Cao
Huynh Nhu
1
1
1
1591975291
1592931600
-1
0
1592738986
Cao
Ba Quat
1
1
0
1592739700
Khong
Tu Quynh
0
1
1
1592315780
1591549200
-1
0
